 71 111 115 112 101 108
 34 69 118 101 114 121 32 80 114 97 105 115 101 34
 91 86 101 114 115 101 93
 69 118 101 114 121 32 112 114 97 105 115 101 32 105 115 32 116 111 32 111 117 114 32 71 111 100 44
 69 118 101 114 121 32 119 111 114 100 32 111 102 32 119 111 114 115 104 105 112 32 119 105 116 104 32 111 110 101 32 97 99 99 111 114 100 33
 83 105 110 103 32 104 97 108 108 101 108 117 106 97 104 32 116 111 32 111 117 114 32 71 111 100 46
 71 108 111 114 121 32 104 97 108 108 101 108 117 106 97 104 32 105 115 32 100 117 101 32 111 117 114 32 71 111 100 46
 69 118 101 114 121 32 112 114 97 105 115 101 32 101 118 101 114 121 32 112 114 97 105 115 101 32 105 115 32 116 111 32 111 117 114 32 71 111 100 46
 91 67 104 111 114 117 115 93
 71 111 100 32 109 121 32 83 97 118 105 111 114 46
 71 111 100 32 109 121 32 72 101 97 108 101 114 46
 71 111 100 32 109 121 32 68 101 108 105 118 101 114 101 114 46
 89 101 115 32 72 101 32 105 115 44 32 121 101 115 32 72 101 32 105 115 46
 89 101 115 32 72 101 32 105 115 44 32 121 101 115 32 72 101 32 105 115 46
 89 101 115 32 72 101 32 105 115 44 32 121 101 115 32 72 101 32 105 115 46
 69 118 101 114 121 32 112 114 97 105 115 101 32 105 115 32 116 111 32 111 117 114 32 71 111 100 46
 69 118 101 114 121 32 119 111 114 100 32 111 102 32 119 111 114 115 104 105 112 32 119 105 116 104 32 111 110 101 32 97 99 99 111 114 100 46
 69 118 101 114 121 32 112 114 97 105 115 101 32 101 118 101 114 121 32 112 114 97 105 115 101 46
 69 118 101 114 121 32 112 114 97 105 115 101 32 101 118 101 114 121 32 112 114 97 105 115 101 46
 73 115 32 116 111 32 111 117 114 32 71 111 100 46
